1 0.577833999879658
1 0.819692599819973
0 1.13464160007425
1 0.435782199958339
1 0.718921799911186
0 0.606796400155872
0 0.891876399982721
1 0.666877300012857
1 0.944132699863985
1 0.782987500075251
0 0.902014099992812
1 0.509277199860662
0 0.675948599819094
0 0.426694599911571
0 0.907875400036573
0 0.41057899990119
0 0.52463290002197
1 0.389809000073001
1 0.38520949985832
0 0.398091800045222
0 0.397535600000992
1 0.636466099880636
0 0.287561899982393
1 0.517111600143835
0 0.580212899949402
0 0.281446499982849
0 0.532282599946484
0 0.483089400222525
1 0.867348799947649
1 0.757484800182283
0 0.531146300025284
1 0.4735878999345
0 0.743429800029844
0 0.606070699868724
1 0.51088730012998
1 0.701964800013229
1 0.83075899980031
1 0.847349300049245
1 1.18255769996904
1 0.603831900050864
1 1.12077630008571
1 0.511751499958336
0 0.598242399981245
1 0.485299600055441
1 0.73459989996627
1 0.591942800208926
1 0.555799000198022
1 0.593519799876958
1 0.483851100085303
0 0.835896899923682
1 0.505177600076422
1 0.940901700174436
1 0.551087800180539
0 0.547803499968722
1 0.495825899997726
1 0.509013700066134
0 0.582298999885097
1 0.42503449996002
0 0.878540099831298
1 0.68591389991343
1 0.536943799816072
1 0.532850200077519
0 0.491855700034648
0 0.427569499937817
1 0.527327799936756
1 0.616119700018317
1 0.562557299854234
0 0.747725399909541
1 0.452681499999017
1 0.511856500059366
1 0.641551200067624
1 0.467313200002536
1 0.567725599976256
1 0.448268200038001
1 0.476713800104335
1 0.405278000049293
1 0.450193100143224
1 0.397552999900654
0 0.374474700074643
1 0.693932699970901
1 0.42887630010955
0 0.495881300186738
0 0.341572999954224
1 0.613218100043014
1 0.472136299824342
0 0.839087500004098
1 0.416071499930695
0 0.451081299921498
0 0.437078000046313
1 0.507032299879938
1 0.497031499864534
0 0.521588000003248
1 0.620868700090796
1 0.728737999917939
1 0.61239459994249
0 0.922618999844417
0 0.753715900005773
1 0.487506499979645
1 0.477059799944982
1 0.493545300094411
1 0.73859649989754
1 0.451227700104937
1 0.576417700154707
1 0.701295599807054
1 0.602951599983498
1 0.573653799947351
0 0.784596199868247
1 0.491445200052112
1 0.62812909996137
1 0.627556899795309
1 0.655989299993962
1 0.429733300115913
1 0.493133699987084
1 0.468898500083014
1 0.486991500016302
1 0.508127100067213
1 0.626989800017327
0 0.474589900113642
0 0.622068400029093
1 0.599196200026199
1 0.501529200002551
1 0.454210799885914
1 0.484490599948913
1 0.423083700006828
1 0.45082789985463
1 0.434883199864998
0 0.414473700104281
1 0.44878390012309
1 0.560116999782622
1 0.525918199913576
0 0.4673535998445
1 0.379414099967107
1 0.492313399910927
1 0.486586600076407
1 0.739483200013638
1 0.424108700128272
1 0.604951999848709
1 0.518613600172102
1 0.526365200057626
0 0.714996899943799
1 0.365558800054714
1 0.544297900050879
1 0.469328499864787
1 0.451142200035974
1 0.524138599867001
1 0.594225300010294
1 0.593170299893245
1 0.426071400055662
1 0.596990199992433
0 0.500366799999028
1 0.397575799841434
1 0.467234399868175
0 0.446746899979189
1 0.517223799834028
1 0.763023699866608
1 0.48091150005348
1 0.471393899992108
0 0.592658299952745
0 0.632785400142893
1 0.578251200029626
1 0.531461799982935
0 0.554467499954626
1 0.548565400065854
0 0.507504099979997
1 0.434327300172299
1 0.582333200145513
0 0.554447599919513
0 0.341425999999046
1 0.743027199991047
0 0.494341399986297
0 0.891587399877608
0 0.454295699950308
1 0.487755000125617
1 0.677952100057155
1 0.491551300045103
1 0.496582899941131
1 0.451563199982047
1 0.495192899834365
0 0.377117600059137
1 0.407995800022036
1 0.445990500040352
0 0.504434100119397
0 0.426589300157502
1 0.466180999996141
1 0.477887799963355
1 0.492773000150919
1 0.534090300090611
0 0.509156299987808
1 0.423513700021431
1 0.429623200092465
0 0.527910700067878
1 0.568360700039193
1 0.484463399974629
0 0.857763499952853
0 0.731719099916518
1 0.890263400040567
1 0.427942299982533
1 0.709030600031838
0 0.511870499933138
0 0.444065800169483
0 0.74490029993467
0 0.502664800034836
1 0.871699099894613
1 0.577544099884108
1 0.803576299920678
1 0.827844399958849
1 0.597647299990058
1 0.72900649998337
1 0.759214299963787
1 0.522339500021189
1 0.884904799982905
0 0.516540399985388
1 0.575975100044161
0 0.714620499871671
1 0.599384600063786
1 0.604593700030819
1 0.57637199992314
1 0.569787899963558
1 0.55563720013015
1 0.563724899897352
0 0.863600600045174
1 0.434292299905792
1 0.482177499914542
0 0.765385900158435
0 0.466942500090227
0 0.553470199927688
1 0.461024000076577
1 0.700855199946091
1 0.484325499972329
1 0.458086399827152
0 0.440023199887946
0 0.438879699911922
1 0.521150200162083
1 0.509087100159377
0 0.52827879996039
0 0.494737799977884
1 0.555392700014636
1 0.872769800014794
1 0.68013699981384
0 0.616849299985915
0 0.600183199858293
0 0.474126000190154
1 0.559272199869156
1 0.794912699842826
1 0.92229750007391
1 0.971630400046706
1 0.625768100144342
0 0.603794700000435
0 0.457854100037366
1 0.491430399939418
1 0.490183199988678
1 0.429725300054997
1 0.551413099979982
1 0.971130300080404
1 0.689032700145617
1 0.582472099922597
0 0.718654900090769
0 0.460073000052944
1 0.522125500021502
1 0.512169399997219
1 0.495166499866173
1 0.571114599937573
0 0.490750500001013
1 0.458360099932179
1 0.52488169982098
1 0.870357400039211
1 0.480403399793431
1 0.76050760014914
1 0.492754000006244
0 0.549834300065413
0 0.424021799815819
0 0.446604599943385
1 0.555460799951106
1 0.512358300155029
1 0.53649830003269
1 0.515645399922505
0 0.784037800040096
1 0.5767122998368
0 0
0 0.748329800087959
1 0.504557600012049
1 0.80081559997052
1 0.68611180013977
1 0.919659100007266
0 0.814252600073814
1 0
1 0.832979899831116
1 0.772412299877033
1 0.53370160004124
1 0.80583249987103
1 0.763712899992242
1 0.965251500019804
0 1.4394892998971
0 0.785609400132671
1 0.478232600027695
1 0.881188400089741
1 0.61837389995344
1 0.574243899900466
1 0.513346799882129
0 0.798540299991146
1 0.47761830012314
0 0.606082699960098
1 0.938397099962458
1 0.540243100142106
1 0.698134400183335
0 0.521230800077319
1 0.50729009998031
0 0.464882900007069
1 0.424396499991417
1 0.478483499959111
1 0.563782999990508
0 0.655580699909478
1 0.442902399925515
1 0.622576700057834
1 0.497817399911582
1 0.471754600061104
1 0.416623200057074
1 0.541537999873981
1 0.461147899972275
1 0.466902900021523
0 0.446671900106594
0 0.436161099933088
1 0.480430600000545
1 0.529507200000808
1 0.428483600029722
0 0.430710799992085
1 0.36651309998706
1 0.459668299881741
0 0.419072299962863
0 0.409988899948075
1 0.774931200081483
1 0.450133999809623
1 0.471942099975422
1 1.04880070011131
0 1.04668190004304
1 0.665199100039899
1 0.613957299850881
1 1.36367979994975
1 0.452429099939764
1 0.562911999877542
1 0.765885799890384
1 0.559508400037885
1 0.458180099958554
1 0.652637799968943
1 0.524308700114489
1 0.592470299918205
1 0.51333270012401
1 0.463615800021216
0 0.884732099948451
1 0.502756299916655
1 0.606469199992716
1 0.546584900002927
1 0.434012500103563
1 0.706940300064161
1 0.516620800131932
0 0.568605500040576
0 0.451121099991724
1 0.462468500016257
1 0.677012000000104
1 1.24300000001676
1 0.65423440001905
1 0.609767399961129
0 0.531085500027984
1 0.48842169996351
0 0.57712549995631
0 0.475878400029615
0 0.536135900067165
1 0.507065299898386
1 0.671101599931717
1 0.65368889993988
1 0.641626500058919
1 0.575802400009707
0 0.692317300010473
1 0.48235909990035
1 0.535402499837801
1 0.671645099995658
0 0.62614080007188
1 0.453278499888256
1 0.580202200217173
1 0.48080229992047
1 0.933218700112775
1 0.440157500095665
1 0.702669200021774
1 0.636266400106251
1 0.572410200024024
1 0.532244399888441
1 0.567593399900943
1 0.510178199969232
1 0.483086099848151
1 0.406712299911305
1 0.6170051000081
0 0.597472599940374
1 0.459411900024861
1 0.510401400038972
0 0.441702999873087
0 0.42751229996793
0 0.594379500020295
1 0.450848799897358
1 0.530715600121766
0 0.52888340014033
0 0
0 0
0 0.763528800000131
1 0.90868300000011
0 0.768710400000145
0 0.56524289999993
1 0.726859200000035
1 0.755392499999971
0 0.493327500000078
0 0.710719599999948
0 0.801089300000058
0 1.15908719999993
1 1.09551039999997
0 0.975011700000096
0 1.20086960000003
1 0.765619499999957
1 0.969425400000091
1 0.820005699999911
0 0.87825829999997
1 0.765675500000043
0 1.01621460000001
0 0.801614100000052
1 0.757049000000052
0 0.814413099999911
1 0.713659400000097
1 0.592472200000202
0 0.567743600000085
1 0.739710900000091
0 0.629931599999964
1 0.717983499999946
1 0.605317400000104
1 0.767345800000157
0 0.698362999999972
0 0.734095900000057
0 0.639830399999937
1 0.756317399999944
0 0.598376299999927
0 0.534462099999928
1 1.20996990000003
1 0.616461399999935
1 0.712841499999968
0 0.73720440000011
1 0.715609099999938
1 0.742121500000167
1 0.895385299999816
0 0.90463879999993
0 0.803010500000028
1 0.733115400000088
1 0.835691300000008
0 1.16868669999985
1 0.962307499999952
0 0.755880799999886
1 0.931474099999832
1 0.897901099999899
1 0.630345300000045
0 1.05781359999992
1 0.907659400000057
0 0.734908899999937
0 0.830208400000174
1 0.992565499999955
1 0.931065799999942
1 0.907916299999897
0 1.06978789999994
0 0.924187399999937
1 0.707276800000045
1 0.84311589999993
1 0.662591399999883
1 0.871982500000058
0 0.746975999999904
0 1.11436299999991
0 1.11640179999995
0 0.762444499999901
1 0.58490340000003
1 1.17150160000006
1 1.25983980000001
0 0.826560999999856
1 0.799821099999917
1 0.853790200000049
0 0.866302499999847
1 1.25959130000001
1 0.653218499999866
1 0.72719149999989
1 0.960345599999982
0 0.644633599999906
1 0.861103099999809
0 0.867436100000077
0 0.834175499999901
1 0.997351199999912
0 1.06894829999987
1 1.22916529999998
1 0.777647200000047
1 1.54086039999993
1 0.97415379999984
1 0.629948499999955
0 0.990170400000125
1 0.885148500000014
0 1.5161528000001
1 1.48958929999981
1 0.718611499999952
1 1.09534379999991
1 0.700205200000028
0 0.768597699999873
1 1.11743379999984
1 0.869630700000016
1 0.945170399999824
1 0.638165000000072
1 0.785245900000064
0 1.01954750000004
1 1.59847519999994
1 0.836474599999974
1 0.785301899999922
0 0.917154700000083
1 0.706661799999893
1 0.775001100000054
1 0.826751599999852
1 0.865196500000138
1 0.771003099999916
1 0.76366209999992
1 0.629716899999949
1 0.631908599999861
1 1.02911489999997
1 0.941143300000022
1 0.830001699999912
1 0.660336899999947
0 0.766729800000121
1 0.572439000000031
1 0.621249599999828
1 0.742632900000217
1 0.574012099999891
1 0.860640600000124
0 0.788968800000021
1 0.806017800000063
0 0.62463230000003
1 0.739721500000087
1 0.845142500000065
0 1.00983589999987
0 0.934358900000007
1 0.884860899999921
0 1.23650880000014
1 1.55532889999995
1 0.967290700000149
0 1.13076320000005
1 0.8320298000001
1 1.24034579999989
1 1.24755839999989
1 0.880376800000022
1 0.792782200000147
1 0.861702400000013
1 0.839004400000022
1 0.770413299999973
1 0.686646299999893
0 0.758387099999936
1 1.31868650000001
1 0.937684300000001
0 0.894795400000021
1 1.06890520000002
1 1.192317
1 0.575669700000162
1 0.70622359999993
1 1.2035456000001
1 0.602638899999874
1 1.13233149999996
1 0.861924399999907
1 0.937095600000021
1 1.02541550000001
1 0.928536299999905
1 0.814242599999943
1 0.638337299999876
0 1.40638510000008
1 0.827297600000065
1 0.650300799999968
0 0.883033800000021
1 0.737496199999896
1 0.849613999999974
0 0.938776500000131
1 0.921324400000003
1 1.14196059999995
1 0.592182999999977
1 0.568672399999969
0 1.37437330000012
1 0.614217499999995
1 1.01766640000005
1 0.809164500000179
1 0.555436799999825
0 0.689276199999995
1 0.870568399999911
0 0.962598200000002
1 0.684071099999983
1 0.872613300000012
1 1.0271631999999
1 0.653125999999929
1 1.08428720000006
1 0.854046100000005
1 0.710949700000128
0 0.973638700000038
0 0
1 0.73463240000001
0 0.632437499999924
1 0.609345800000028
0 1.07460629999991
1 1.58038170000009
1 0.44709869999997
0 0.686599099999967
0 0.60676639999997
1 0.596523000000161
0 0.575641900000164
0 0.581109599999991
0 0.87700719999998
0 0.690807099999802
0 0.686462099999972
1 0.69518220000009
1 0.653652899999997
1 0.885718800000177
1 0.569275699999935
1 0.590579299999945
0 0.613398300000199
1 0.721070800000007
0 0.600859200000059
1 0.60127609999995
0 1.23399159999985
0 0.525417699999934
0 0.761042999999972
1 0.585962000000109
1 0.691647600000124
1 0.748134599999958
1 0.537618600000087
1 0.690111200000047
0 0.473447599999872
1 0.415485199999921
1 0.660925399999996
0 0.422135000000026
0 0.559538799999928
0 0.597327299999961
0 0.514834100000144
1 0.474944099999902
0 0.591528299999936
1 0.393063199999915
1 0.965836000000081
1 1.0484383999999
1 0.501511700000037
1 0.69875879999995
0 0.622508100000005
0 0.643058599999904
1 0.476065099999914
1 0.502062700000124
1 0.471968600000082
1 0.528129399999898
1 0.645664099999976
1 0.779788600000074
1 0.546041800000012
0 0.666349300000093
1 0.637591899999961
0 0.474067099999957
1 1.00230240000019
0 0.751207299999805
1 0.614418699999987
1 0.622482399999853
1 1.00915000000009
1 0.673670399999992
1 0.709868899999947
1 0.828822799999898
1 0.66100449999999
1 0.589253500000041
0 0.863375800000085
1 0.552005400000098
1 0.522768100000121
0 0.636296399999992
1 0.555342199999814
1 0.68178510000007
1 0.737086399999953
1 0.553724300000113
1 0.894489000000021
1 0.712980399999879
1 0.904378800000131
1 0.588117799999964
0 0.862317399999938
0 0.9225821
1 0.601573899999948
1 0.706518699999833
0 0.833805100000063
1 0.939066899999943
1 0.913325700000087
1 0.712198700000044
1 0.690854700000045
1 0.612694499999861
0 0.919958499999893
1 0.538088499999958
1 0.985934899999847
1 0.820287700000108
1 0.743404699999928
0 0.767052500000091
1 0.549374599999965
1 0.497577699999965
0 0.680595899999844
0 0.876710499999945
1 0.514658800000007
1 0.535544300000083
0 0.567496699999992
0 0.668765599999915
1 0.47875299999987
1 0.475828899999897
1 0.551004599999942
1 0.609415899999931
1 0.677297200000112
0 0.43312509999987
1 0.444758500000034
1 0.750218199999836
1 0.836330099999941
1 0.790157700000009
0 0.661402100000032
1 0.492821499999991
1 0.523852099999885
0 0.933215200000177
1 0.580519600000116
0 0.559206200000062
1 0.47948550000001
1 0.909040000000005
1 0.597777700000051
1 0.534429100000125
1 0.572876699999824
1 0.766598200000089
1 0.70404880000001
1 0.860604299999977
1 0.784954399999833
1 0.74373189999983
0 0.744419799999832
1 1.0869768
1 0.574277500000107
0 0.980493300000035
1 0.600759299999936
1 0.610709900000074
1 0.490350399999897
0 0.467569899999944
0 0.950188699999899
1 1.0124059000002
0 0.911121900000126
1 0.923047900000029
1 0.488292500000171
1 0.60975540000004
1 0.744161399999939
1 0.51613569999995
1 0.813165300000037
1 0.58107270000005
1 0.614013399999976
1 0.780256100000088
1 0.765058799999906
1 0.729155699999865
1 0.700666699999829
1 0.87737930000003
0 0.746293400000013
1 0.522427200000038
1 0.808958800000028
1 0.695571799999925
1 0.81800290000001
1 0.801168199999893
1 0.637426900000037
1 0.677858600000036
1 0.648756800000001
1 0.734589199999846
1 0.655463999999938
0 0.55734869999992
1 0.889536200000066
0 0.810177899999871
0 0.608034000000089
0 0.600020800000038
1 0.462056100000154
1 0.579976100000067
1 0.727515399999902
0 0.633907300000146
1 0.564985800000159
1 0.889764499999956
1 1.13223140000014
1 0.770145899999989
1 1.09485679999989
1 0.743126900000107
1 0.7714011999999
0 0.929905899999994
1 0.380697700000155
0 0.457811400000082
1 0.268997399999989
1 0.567959900000005
1 0.878870700000107
0 0.754901999999902
1 0.777006799999981
1 0.783530299999939
1 0.72816140000009
1 0.834219600000097
1 0.573229699999956
1 0.799346499999956
0 0.607984400000078
1 0.545757999999978
1 0.520043400000077
0 0.676784400000088
1 0.601656400000138
1 0.80574989999991
1 0.565932099999827
0 0.663685799999712
1 0.62142649999987
0 0.64356429999998
1 0.650857300000098
