0 0.581698199966922
1 0.729911800008267
1 0.524224800057709
1 1.22745810006745
0 0.902557699941099
1 0.441938400035724
0 0.71833089995198
0 0.871701600030065
1 0.44684370001778
1 0.819804300088435
1 0.928893599892035
1 0.503680599853396
0 0.477640900062397
1 0.52188939996995
0 0.976391300093383
1 0.397446600021794
1 0.454224499873817
1 0.470320699969307
1 0.541964299976826
1 0.434597500134259
0 0.462808900047094
1 0.511633099988103
0 0.486399400047958
1 0.519893700024113
0 0.656800800003111
1 0.71145569998771
1 0.466439099982381
1 0.495233499910682
1 1.09044960001484
0 0.636770099867135
1 0.560469700023532
0 1.29850740008987
1 0.876017599832267
1 1.03313779993914
1 1.21684369980358
1 0.668193900026381
0 0.997971100034192
1 0.568010299932212
1 0.781509499996901
1 0.613512199837714
0 0.67152120009996
1 0.523108100052923
1 0.779041900066659
1 0.536073400173336
0 0.572202099952847
1 0.666734299855307
1 0.571713200071827
1 0.53592549986206
1 0.533860699972138
0 1.05415089987218
1 0.46085250005126
0 0.716756500070915
0 0.485928599955514
0 0.463964499998838
1 0.454541099956259
1 0.456282399827614
0 0.444450299954042
0 0.705286999931559
1 0.756297999992967
1 0.480491199996322
0 0.68759119999595
1 0.816732299979776
1 0.552722200052813
1 0.423861500108615
1 0.488247199915349
1 0.489051300100982
1 0.675729400012642
1 0.551212300080806
1 0.684897900093347
1 0.459060200024396
1 0.570103500038385
1 0.757817800156772
1 0.58623080002144
1 0.511402300093323
1 0.471185000147671
1 0.47658390016295
0 0.47232270007953
1 0.573964099865407
0 0.47912529995665
0 0.416971399914473
0 0.388784400187433
1 0.426585000008345
1 0.494883900042623
1 0.539173000026494
1 0.487621700158343
1 0.656535900197923
0 0.586926799966022
0 0.594671299913898
0 0.61978799989447
1 0.496662700083107
0 0.543796800076962
1 0.403187999967486
1 0.760843900032341
1 1.15538500016555
1 0.500746099976823
0 0.78689800016582
0 0.4613189001102
1 1.46986919990741
1 0.688318999949843
1 0.573221999919042
0 0.832876799860969
1 0.563373500015587
1 0.690820399904624
0 1.05765089998022
1 0.871210800018162
0 0.614588099997491
1 0.539271500194445
1 0.881819600006565
1 0.631978500168771
0 0.808454900048673
1 0.496939199976623
1 0.50957140000537
1 0.501466500107199
1 0.463360300054774
1 0.569946900010109
1 0.548526700120419
1 0.573074199957773
0 0.438158900011331
1 0.429486300097778
0 0.648096400080249
1 0.487824999960139
0 0.708258999977261
1 0.668958700029179
1 0.633349099894986
1 0.921030899975449
1 0.569822399877012
0 0.659421300049871
1 0.488821699982509
0 0.697287400020286
0 0.419396200217307
0 0.548270900035277
1 0.98959290003404
1 1.4647399999667
1 1.04246650007553
1 1.14095559995621
1 0.627009999938309
1 1.34360209992155
0 1.2883348998148
1 0.586760499980301
0 0.812872499926016
1 0.635620599845424
1 0.757924700155854
0 0
1 0.621176999993622
1 0.749481299892068
1 0.618450999958441
1 0.889643300091848
0 0.643911699997261
0 0.478679900057614
1 0.456166000105441
1 0.561852600192651
1 0.523301600012928
1 0.690675299847499
1 0.481598099926487
1 0.78876299993135
1 0.595601700013503
0 0.548224299913272
1 0.591172900050879
1 0.51951349992305
1 0.554248100146651
0 0.485161400167271
1 0.481158599955961
1 0.553037599893287
0 0.465330500155687
1 0.503047399921343
0 0.444970999844372
1 0.589672399917617
0 0.500731799984351
1 0.480718600098044
1 0.563672000076622
1 0.440359999891371
1 0.785570899955928
0 0.494565699947998
1 0.575970199890435
1 0.53051030007191
0 1.45539229991846
1 0.438622599933296
0 0.632855199975893
1 0.743897099979222
1 0.542162700090557
1 0.690947799943388
1 0.603592499857768
1 0.522790499962866
0 0.630262400023639
1 0.785928299883381
0 0.501193300122395
1 0.492566500091925
1 0.487501200055704
1 0.710040800040588
1 0.522044900106266
1 0.462210899917409
0 0.443060700083151
1 0.560828699963167
1 0.524433299899101
1 0.69336810009554
1 0.438385500106961
1 0.587122799828649
1 0.424345899838954
1 0.429002500139177
1 0.558329600142315
1 0.846893500071019
1 1.13569530006498
0 0.493951600044966
1 0.724815000081435
0 0.792584500042722
1 0.723972000181675
1 0.610908000031486
1 0.661516100168228
1 1.32575449999422
1 0.558082700008526
1 1.04127929988317
1 1.14323049993254
1 0.771038600010797
1 0.675627599935979
1 1.03145519993268
0 0.832975199911743
1 0.679891800042242
0 0.770127200055867
0 0.465239000041038
1 0.534944399958476
0 1.47779399994761
1 0.801674100104719
1 0.718194099841639
0 0.984603200107813
1 0.475369299994782
1 0.96400610008277
1 1.11362880002707
0 1.03519450011663
1 0.887272699968889
1 0.747612899867818
1 1.37331670010462
1 0
1 0.803992199944332
0 1.24291960010305
1 0.62539629987441
0 1.0158266001381
1 0.899736599996686
1 1.00218630000018
1 0
1 1.26771039981395
1 0.691096100024879
1 0.93604620010592
1 0.895739400060847
1 0.672720900038257
1 0.803137499839067
1 0.611486899899319
1 0.900717800017446
0 0.790469599887729
1 0.523698600009084
1 0.846589700086042
1 0.964631899958476
1 0.745764400111511
1 0.787743399851024
0 1.03377560013905
0 1.32313879998401
0 1.02205080003478
0 0.817063499940559
1 1.07577949995175
1 0.943294000113383
1 0.921599299879745
0 0
1 1.12792850006372
0 0.802648999961093
1 0.628760300111026
0 0.645158600062132
0 1.02295850007795
1 0.742264000000432
1 0.862367799971253
1 0.560715300031006
1 0.592412100173533
1 0.513127799844369
1 0.499434500001371
1 0.900778800016269
1 1.40138180018403
0 0.68356249993667
0 0.852997899986804
1 0.513027300126851
1 0.703318000072613
1 0.970333500066772
1 0.801325700012967
0 1.31662590010092
1 0.996285200119019
1 0.955335800070316
1 0.772421200061217
1 0.677167699905112
1 0.928124000085518
1 1.00161100015976
1 1.07424650015309
1 1.13822650001384
0 1.13916409993544
1 1.43055920000188
0 0
1 0.897564399987459
1 1.00683910003863
1 1.24589240015484
1 0.931520000100136
1 0.430885300040245
1 0.55683400016278
1 0.799678199924529
1 0.910512400092557
1 0.873073599999771
1 0.635552700143307
1 0.729702899930999
1 0.521798399975523
1 0.889301400166005
1 0.691008199937642
1 0.790716399904341
1 0.617984600132331
0 1.31609299988486
1 0.809876299928874
0 0.751815400086343
1 0.552333199884742
1 0.54516589990817
1 0.586351400008425
1 0.65793320001103
1 0.8226884000469
1 1.04098529997282
1 0.93416119995527
1 1.21239980007522
1 0.593655399978161
1 0.875139300012961
0 0.727478899993002
1 0.513792099896818
1 0.771233099978417
1 0.638928000116721
1 0.671892600134015
1 0.552745299879462
1 0.518485500011593
1 0.503886600024998
1 0.49712729989551
1 0.604745000135154
1 0.548147400142625
1 1.13506090012379
1 0.739897300023586
1 0.666965000098571
1 0.541353600099683
1 0.549858700018376
0 0.736553699942306
1 0.482365900184959
1 0
1 0.658414999954402
1 0.49785179994069
0 0.838121700100601
1 0.61370119987987
1 0.676904299994931
1 0.814663699828088
0 1.06924290000461
1 0.456316899973899
0 0.499623200157657
1 0.686794099863619
1 0.481065599946305
1 0.710862499894574
1 0.53452830016613
1 1.37770670000464
1 1.11277949996293
1 0.647635899949819
0 1.04227530001663
1 1.15209309989586
1 0.968338000122458
0 1.43186319991946
0 0.99050740012899
1 0.978067199932411
1 0.806373200146481
1 1.25379839981906
1 1.05028229998425
1 0
0 1.05911719985306
1 0.801085599930957
1 0.923671999946237
1 0.855910500045866
0 0.715500199934468
1 0.561936000129208
1 0.722401299979538
1 0.60267599998042
1 1.01205880008638
1 0.648447799962014
1 0.555174400098622
0 1.09132829983719
1 0.683713199803606
1 0.665468899998814
1 0.627397999865934
1 0.716542199952528
1 0.85841210000217
1 0.617297800024971
0 0.73734340001829
1 0.773851099889725
1 0.66814270010218
0 0.79598779999651
1 1.30511910002679
1 1.14960390003398
0 1.06671269983053
1 0.73160109994933
1 0.763554799836129
1 0.70384980016388
1 0.614767299965024
1 0.7310103001073
1 0
1 0.478203499922529
1 0.555617999983951
1 0.947009900119156
1 0.836673500016332
0 0.760197099996731
1 1.04531459999271
0 1.33932640007697
1 0.530439099995419
1 0.578235100023448
1 0.621011100010946
1 0.85948109999299
1 0.659774099942297
1 0.620176499942318
1 0.746628500055522
1 0.710362700046971
1 1.07638049987145
1 0.597028999822214
1 0.661398999858648
1 0.660706300055608
0 1.15658499998972
1 0.461063699796796
0 0.851412500021979
0 0.470162600046024
0 0.735775999957696
1 0.499243199825287
1 0.73329840018414
0 0.851540299830958
1 0.64100019983016
1 0.605556600028649
1 1.36924590007402
1 0.722787800012156
0 0.509271800052375
1 0.551233500009403
1 0.790283000096679
1 0.635210799984634
1 1.26336090010591
1 0.848282699938864
1 0.584529899992049
1 1.42188260005787
1 0.623814899940044
1 0.522274999879301
1 0.838866899954155
1 0.449577399995178
1 1.01910509984009
1 0.860846400028095
1 0.533796499948949
0 0.593251400161535
1 0.546053200028837
1 0.521266999887303
1 0.643651099875569
1 1.15978129999712
1 1.10638510016724
1 0.802753199823201
0 1.25620550010353
1 0.51399080012925
1 0.779719699872658
1 0.800149400020018
1 0.658821299904957
1 0.643735900055617
0 0.614508299855515
0 0.495803500059992
1 0.489084500120953
1 0.715951600112021
0 1.05052070016973
1 0.744416700210422
1 0.846351699903607
0 0.578310900134966
1 0.678482300136238
1 0.512399399885908
1 0.741421399870887
1 1.21130990004167
1 0.516668899916112
1 0.551899800077081
1 0.885173700051382
0 0.972580899950117
1 0.472399499965832
1 0.547915800008923
1 0.525048499926925
0 0.536183199845254
1 0.532747599994764
1 1.49242789996788
1 0.614256400149316
1 0.680966899963096
0 0.955292399972677
1 0.509727000026032
0 0.633481499971822
1 0.448262899881229
1 0.50612929998897
0 0.431254499824718
1 0.839216199936345
0 0.634188700001687
0 1.12931310012937
1 0.476334900129586
0 1.17047149990685
1 1.47504750010557
1 0.911808999953791
1 0.584553400054574
1 0.551647000014782
1 0.425944699905813
1 0.498403499834239
1 0.53531050006859
0 0.801108799874783
0 0.517411799868569
0 0.535561700118706
1 0.598295699805021
0 0.840606800047681
1 0.567273299908265
1 0.469734300160781
1 0.548176900018007
0 0.990725200157613
1 0.505100400187075
0 0.554432900156826
1 1.06044350005686
1 0.599373799981549
0 0.765178000088781
1 0.82116789999418
1 0.562616599956527
1 0.564627599902451
1 0.499990300042555
1 0.526394000044093
1 0.600174200022593
1 0.643629200058058
1 0.548256600042805
1 0.65938219986856
1 0.670716899912804
1 0.542361099971458
1 0.508131999988109
1 0.457948999945074
1 0.674627200001851
1 0.576033700024709
1 0.528301100013778
0 0.504259299952537
1 0.509794199839234
1 0.516408700030297
0 0.480253100162372
1 0.471013000002131
1 0.514440800063312
1 0.943791500059888
1 0.739722999976948
1 0.807300999993458
0 0.49274820019491
1 0.524877999909222
0 0.88528100005351
1 0.72871210006997
0 0.92427339986898
1 0.548234699992463
1 0.816111200023443
1 0.510069300187752
1 0.563246699981391
1 0.506624999921769
1 1.0363524002023
1 0.847690500086173
1 0.821337699890137
0 0.747411099961028
0 1.16416220017709
1 0.854709199862555
0 0
1 0.60880669998005
0 0.978095600148663
1 0.501803799998015
1 0.637981400126591
0 0.969420399982482
0 1.01146530010737
1 0.663936600089073
1 0.649747199844569
1 0.57740189996548
1 0.927434500074014
1 0.591538200154901
1 0.610776799963787
1 0.604422699892893
0 0.73187129991129
1 0.662007399834692
1 0.873714300105348
1 1.19995649997145
1 0.579961300129071
1 0.670077600050718
1 0.528800799977034
1 0.806471100077033
1 0.499176200013608
0 0.454192099859938
0 0.524684899952263
0 0.534381699981168
1 0.854459199821576
1 1.15326369996183
1 0.806134799961001
1 0.523342499975115
1 0.518482899991795
1 0.497491500107571
1 0.48080090014264
0 0.551547799957916
0 0.658282999880612
1 0.593551500001922
1 0.934219500049949
1 0.608257399871945
1 0.592263899976388
1 0.851212499896064
1 0.611794499913231
1 0.69588080001995
1 0.542182799894363
0 0.481381099903956
0 0.547350999899209
1 0.847063499968499
0 1.05581780010834
1 0.814937100047246
1 0.772756100166589
1 0.700285700149834
1 0.778355299960822
1 0.657121600117534
0 0.969480799976736
0 0.870239800075069
1 0.755648200167343
1 0.864900199929252
1 0.676225000061095
0 1.03931689984165
0 0.688656600192189
1 0.66952640004456
1 0.49536250019446
1 1.14318560017273
0 0.714872300159186
1 1.1366565998178
1 0.843183000106364
1 1.04904989991337
1 0.609974199905992
0 0.705479199998081
1 0.598265100037679
1 0.509710900019854
1 0.824952099937946
0 0.564051800174639
1 0.573891599895433
1 0.709751900052652
1 0.588891000021249
0 0.729969899868593
0 0.506676100194454
1 0.534687999868765
1 0.748985899845138
1 0.500548899872229
1 0.736250099958852
0 0.818403700133786
0 0.445599300088361
0 1.36789890006185
1 0.482014900073409
1 0.508495199959725
0 0.551336999982595
1 0.835141899995506
1 0.578320699976757
1 0.681172400014475
0 0.799580000108108
0 0.620940299937502
1 1.28218940016814
1 0.605609299847856
1 1.14077610010281
0 0.954235600074753
1 0.682779900031164
1 0.613526400178671
1 0.659059999976307
1 1.19897740008309
1 0.91219999990426
0 1.49706209986471
1 0.489510199986398
1 0.534908799920231
1 0.673109099967405
0 0.622671100078151
0 0.548648299882188
0 0.435270000016317
1 0.499753700103611
1 0.618892300175503
1 0.809598899912089
0 1.05488239997067
1 1.01330809993669
1 0.62779950001277
1 0.653676099842414
1 0.792266099946573
1 0.584842799929902
0 0.593482899945229
0 0.493369000032544
1 0.52116629993543
0 0.932451599976048
1 0.473505000118166
0 0.671913299942389
1 0.413697300013155
1 0.459454600000754
1 0.559736100025475
0 1.40851170010865
0 0.54560840013437
1 0.439077399903908
1 0.53526180004701
0 0.998092500027269
0 0.425480699865147
0 0.474354600068182
0 0.744485299801454
0 0.450197400059551
0 0.650005399947986
0 0.48654119996354
1 0.442966399947181
1 0.666251100134104
1 1.14680420001969
1 0.464561499888077
1 0.527671199990436
0 0.637333400081843
0 0.637786300154403
1 0.642899999860674
1 0.629077899968252
0 1.06204660004005
1 0.46640620008111
1 0.498448499944061
1 0.550028200028464
0 0.58155640005134
0 0.423235299997032
1 0.473972199950367
1 0.503937399946153
0 0.803904099855572
1 0.647850699955598
1 0.716306899907067
1 0.548297800123692
0 1.10404119989835
1 0.470180700067431
1 0.54641650011763
0 0.714602900203317
1 0.475341300014406
1 0.483103899983689
1 0.526698500150815
1 0.442262700060382
1 0.429583800025284
1 0.544135099975392
1 0.514444299973547
1 1.29664720012806
1 0.572555699851364
1 0.532744899857789
1 0.683143500005826
1 0.829698899993673
0 1.16956920013763
1 0.439923699945211
0 0.728619000175968
1 0.463875200133771
1 0.570557500002906
1 0.496666799997911
1 0.540496499976143
1 0.494842200074345
1 0.581913100089878
0 0.886476499959826
1 0.612682200036943
1 0.835011600051075
1 0.574510500067845
0 1.17271790001541
1 0.851327100070193
0 0.686850700061768
1 0.498336000135168
0 0.709367400035262
0 0.600683500058949
0 0.788440200034529
1 0.986874900059775
1 0.984591899905354
1 0.632421399932355
1 0.64570920006372
1 0.546534100081772
0 0.765409999992698
0 0.500529499957338
0 0.704144499963149
1 0.781121799955145
0 0.934836300089955
1 0.919741299934685
1 0.620749699883163
1 0.835935099981725
1 1.06413600011729
0 0.483627200126648
0 0.860632000025362
1 0.71968249999918
1 0.713575500063598
1 0.722024499904364
1 0.555748800048605
0 0.643612599931657
1 0.614812100073323
1 0.642398800002411
1 0.493317699991167
0 0.443553700111806
0 0.511448899982497
1 0.505026599857956
1 0.59388649999164
0 0.48743429989554
1 0.491844300180674
1 0.450080099981278
1 0.415725199971348
1 0.661784699885175
1 0.494695700006559
0 0.434699099976569
1 0.512788700172678
1 0.551143399905413
1 0.486419399967417
1 0.842468400020152
1 0.895232799928635
1 0.494502000045031
0 0.593309100018814
0 0.570576699916273
1 0.475022400030866
1 0.485491000115871
1 0.902702100109309
1 0.600867700064555
0 0.458482899935916
0 0.868294200161472
1 0.528989400016144
1 0.807208999991417
1 0.519378899829462
0 0.60584729979746
1 0.546387699999741
1 0.507429599999796
0 0.737631599999986
1 0.586236000000099
1 0.643571399999928
0 0.631776199999877
1 0.748808499999996
0 0.505655400000251
0 0.70864150000034
0 0.81169460000001
1 0.956830000000082
1 0.674835899999835
1 0.756964900000185
1 0.572523399999682
1 0.751073800000086
1 0.821221400000013
1 0.737598100000014
0 0.601341000000048
0 0.599254499999915
1 0.612378799999988
1 0.470589000000018
0 0.694340300000022
0 1.21853939999983
0 0.546828499999719
0 0.522367999999915
1 0.186287600000014
0 0.611902600000121
0 0.304975800000193
0 0.197836299999835
1 0.534474099999898
0 0.737271399999827
1 0.354336500000045
0 0.874766200000067
1 0.174191000000064
1 1.14797240000007
1 1.02334710000014
1 0.700767599999836
0 0.71290689999978
1 0.699524899999687
0 0.618109100000311
1 0.745933500000319
1 0.612608699999782
1 0.506346399999984
1 0.759604999999738
1 0.589257699999962
0 0.718774500000109
0 0.63377040000023
1 1.34567719999995
0 0.554732299999614
0 0.609119100000044
1 0.60835410000027
1 0.536316199999874
0 0.589696300000014
1 0.269751899999847
1 0.813148000000183
1 0.503350299999966
1 0.510328400000162
1 0.463832599999932
1 0.420514899999944
1 0.516184900000098
1 0.617419300000165
1 0.632705199999691
0 0.914610700000139
1 0.83358300000009
1 0.633190800000193
1 0.820728000000145
1 0.571657899999991
0 1.09020689999988
1 0.592619700000341
0 0.79894749999994
1 0.318438499999957
1 0.552645199999915
1 0.69548420000001
0 0.649513099999695
1 0.531950699999925
1 0.61455339999975
0 1.03505040000027
0 0.734207399999832
0 0.66514589999997
1 1.10186399999975
1 0.832725199999913
1 0.568645700000161
1 0.895131799999945
1 0.877810599999975
0 0.317316699999992
1 0.918209899999965
1 0.755020099999911
0 0.776544800000011
0 0.396586300000308
0 0.292616400000043
1 0.313872499999889
1 0.3300820999998
1 0.246477099999993
1 0
1 0.757907899999736
1 1.0176034000001
0 1.42013449999968
1 0.942097999999987
1 0.641618499999822
1 1.1669238999998
1 1.00378049999972
0 0.870222500000182
0 1.1942153
1 1.04708909999999
0 0.93881139999985
1 0.971368099999836
1 1.24780370000008
1 1.07909449999988
1 0.732669299999998
1 1.01003949999995
1 0.82672360000015
1 0.801269000000048
1 0.812138299999788
1 1.41809050000029
1 0.639162800000122
1 0.760691499999666
1 0.722617200000059
1 0.870887399999901
1 0.745102399999723
1 0.638720100000228
0 0.624836999999843
1 0.447690500000135
1 1.44361189999972
1 1.24643429999969
0 1.51733150000018
0 1.11305299999958
0 0.728758600000219
0 1.92387019999978
1 1.23656019999999
1 1.05374840000013
0 0
1 1.52172999999993
0 1.3466085
0 1.0643885999998
0 0.8438285000002
1 0.713263800000277
1 0.636932900000375
0 0.69614109999975
0 0.925347900000361
0 0.748501199999737
1 0.823611000000255
1 0.843393899999683
0 0.660934800000177
1 0.522397700000056
0 1.06117700000004
1 0.484455499999967
1 0.641340600000149
1 0.965857600000163
0 1.05945089999977
1 0.854915299999902
0 1.01940779999995
1 0.744992400000228
0 0.750403000000006
0 0.454423500000303
0 0.52639999999974
0 0.874348000000282
1 1.30770010000015
1 0.905825100000129
1 0.899994200000037
0 1.5600314000003
0 0.862721299999976
1 0.604511699999875
0 0.963723400000163
1 0.656966600000032
1 0.893809600000168
1 0.675450799999908
0 0.903441500000099
1 1.04161939999995
0 0.710004200000185
1 0.641939399999956
1 0.874408799999856
1 1.01253980000001
1 0.633680200000072
1 0.81919599999992
1 0.561946400000124
1 0.887725500000215
1 1.13853109999991
1 0.590792899999997
1 1.14625390000037
1 0.472357500000271
0 0.65730289999965
0 0.90631170000006
1 1.06685870000001
1 0.612143299999843
1 0.559574599999905
0 0.86999569999989
0 0.586571800000002
1 0.398269199999959
1 0.757655399999749
0 1.38810289999992
0 0.566274499999963
0 0.341483299999709
1 0.372568599999795
1 0.614384499999687
0 0.664064000000053
0 0.572429700000157
0 0.724996400000236
1 0.611419100000148
1 1.20735540000032
1 0.648342600000433
1 0.682996600000479
1 0.90962060000038
0 0.973534600000676
1 0.772528999999849
0 0.675899599999866
0 0.75947879999967
1 0.447654099999454
1 0.844063200000164
0 0.614387200000237
1 0.761166799999955
1 0.519912900000236
0 0.789098700000068
1 0.551762300000519
1 0.613299300000108
0 0.898835799999688
0 0.709321999999702
1 0.650753099999747
0 1.00402549999944
1 0.614666899999975
0 0.857864000000518
1 0.820072900000014
1 0.88972879999983
0 0.851548300000104
0 0.589877899999919
0 0.590487999999823
0 0.594694600000366
1 0.731088200000158
1 0.603202500000407
1 0.734016800000063
0 0.750333299999511
0 0.517936699999154
1 0.50584230000004
0 0.555830500000411
1 0.613571199999569
1 0.676697600000807
1 0.57813299999998
1 0.515792900000633
1 0.761308499999359
0 0.660649500000545
0 0.578998699999829
0 0.501588600000105
0 0.629229699999996
1 0.713534100000288
0 0.782837100000506
0 0.556935499999781
0 1.0591714000002
1 0.572278800000277
1 0.675676199999543
1 0.941986900000302
1 0.63627009999982
0 1.19042170000012
1 1.09131369999977
1 0.794914000000063
1 0.550627099999474
1 0.621872499999881
0 0.713251199999831
1 0.576016200000595
1 0.993684299999586
1 0.658508900000015
1 0.577183400000649
0 0.482443500000045
1 0.764436000000387
1 0.592253899999378
1 0.852105100000699
1 0.620015399999829
1 0.634169099999781
1 0.905839899999592
1 0.515072000000146
1 0.862028800000189
0 0.601224799999727
0 0.98573160000069
0 1.36749009999949
0 0.99432920000072
1 0.530522400000336
1 0.657990200000313
1 0.592325500000698
1 0.824791399999413
1 1.01033710000047
0 1.40701979999994
1 0.668742299999394
1 1.27069109999957
1 0.95870399999967
1 0.782469499999934
1 0.913424700000178
1 0.710880300000099
1 0.920525599999564
0 1.06542029999946
1 1.53989069999989
1 0.831510400000298
1 0.574560899999597
1 0.992303800000627
1 0.701184000000467
1 0.792771399999765
1 0.572967300000528
0 0.986909600000217
0 1.29549359999965
1 0.847389100000328
1 0.899186499999814
1 0.74124269999993
1 0.570767899999737
0 0.799083900000369
0 0.737463399999797
0 0.797710400000142
1 0.434182799999689
1 0.848932500000046
0 1.12503899999956
0 1.03529470000012
1 0.80258910000066
1 1.11332959999982
1 0.533884299999954
0 1.75621570000021
0 1.03776620000008
0 0
0 0.882631500000571
0 0.883260200000223
1 0.52632629999971
1 0.593007899999975
1 1.46675289999985
1 0.593725599999743
0 1.12080839999999
1 0.712569299999814
1 0.690580599999521
1 0.645728799999233
1 0.855858300000364
1 0.567057499999464
1 0.89366020000034
1 0.531728700000713
1 0.636855299999297
0 0.942806200000632
1 0.439951500000461
1 0.972585299999992
1 0.638487799999893
0 0.913426600000093
1 0.659530799999629
1 0.610401300000376
0 1.55129930000021
1 0.623653999999988
1 0.558360800000628
1 1.1949526999997
1 0.67870210000001
0 1.06474499999968
1 0.619760300000053
1 0.731966899999861
1 1.00996239999949
1 0.647208000000319
1 1.30434400000013
1 1.0833063
0 0.957746499999303
0 0.763339200000701
1 0.67828180000015
1 0.93153540000003
1 1.0402167000002
1 0.533681599999909
0 0.57322910000039
1 0.905041500000152
1 0.590535799999998
1 0.590580400000363
0 0.510785800000122
1 0.9738969
0 0.632635400000254
1 0.596826999999394
1 0.600318000000698
0 0
1 0.848431399999754
1 1.2282122000006
1 0.61930620000021
1 0.796217699999943
1 0.8732743999999
1 0.766111199999614
1 0.648342999999841
1 0.780025400000341
0 1.16493889999947
1 0.47598569999991
1 0.846548900000016
0 1.90640359999998
1 0.73473340000055
1 0.919795100000556
1 0.62137040000016
0 0.815868399999999
1 0.607081999999536
1 0.604028099999596
1 1.3830797999999
1 1.03163640000002
1 1.41239239999959
1 1.26200150000022
1 1.33445990000018
1 0.879224399999657
0 0.917646900000364
1 0.70394110000052
0 0.987357900000461
0 1.89458590000049
0 1.42381060000025
1 1.08612360000006
1 0.703786400000354
1 1.94112049999967
1 0.758532799999557
0 1.39533810000012
0 1.38381200000003
1 0.603462099999888
1 0.685787800000071
0 0.696969800000261
1 0.545305999999982
0 1.44899100000021
1 0.551124999999956
1 0.616223700000774
1 0.546882300000107
1 1.12848289999965
1 0.492546499999662
1 0.656078099999831
0 0.67144400000052
1 1.23284970000077
1 0.519153899999765
1 0.70723210000051
1 0.635731899999882
1 0.64736240000002
1 0.891520900000614
0 0.644633500000054
0 0.67604399999982
1 0.567402200000288
1 1.35015370000019
1 0.575704900000346
1 0.544828099999904
1 0.556432800000039
0 0.932124599999952
0 0.622229399999924
1 0.313425999999708
0 0
1 0.623806800000239
1 0.599263600000086
0 1.10941019999973
1 0.594946899999741
1 0.678406700000778
1 0.729885799999465
1 0.694377400000121
1 0.717345600000044
1 0.920649499999854
1 0.513336399999389
0 1.0621670999999
1 0.597984299999553
1 0.763562199999797
1 0.542208599999867
1 0.799363199999789
1 0.684878099999878
0 0.521308999999746
1 0.805824200000643
1 0.461017299999185
0 1.06101030000082
0 0.344437800000378
1 0.53485019999971
1 0.517230399999789
0 0.678990600000361
0 0.501734599999509
0 0.585407200000191
1 0.562249399999928
1 0.50527669999974
1 0.456462800000736
1 0.58112970000002
1 0.779485699999896
0 0.488640300000043
0 0.905483000000459
0 0.569092400000045
0 0.682783100000051
0 0.802305899999737
1 0.446829499999694
1 1.41719069999999
1 0.621347600000263
1 0.932057799999711
1 0.570410900000752
1 0.710568899999998
1 0.522208699999283
0 0.511781600000177
1 0.654202200000327
1 0.507424399999763
1 0.705521599999884
1 0.526066399999763
1 0.608833300000697
1 0.480789400000504
1 0.465182599999935
1 0.697838299999603
0 0.901619899999787
1 1.10046189999957
1 0.506237999999939
1 0.882058799999868
1 0.814945199999784
1 0.616766199999802
1 0.644546100000298
1 0.648964800000613
1 1.18639330000042
1 1.10023170000022
1 0.933678999999756
1 0.82294980000006
0 0.666316499999994
1 0.680016000000251
1 0.906064800000422
1 0.654733399999714
0 0.837978300000032
1 0.493847199999436
1 1.05507469999975
1 1.54945829999997
1 0.610543100000541
1 0.625436100000115
0 1.20358980000037
1 1.42909210000016
0 1.14146960000016
0 0.608291599999575
1 0.618787999999768
1 0.55422980000003
1 0.883457299999463
1 0.560596700000133
1 0.602129500000046
1 0.491310299999896
0 0.571058699999412
0 0.28381360000003
1 0.582900399999744
0 0.70723530000032
1 0.435574199999792
1 0.469726899999841
1 0.602466899999854
1 0.655187000000296
1 0.541823499999737
0 0.778046499999618
1 0.343712500000038
1 0.501854600000115
1 0.684639699999934
1 0.480432899999869
0 0.523676599999817
1 0.297957500000848
1 0.571125699999357
1 0.511453699999947
0 0.365345100000013
1 0.385595799999464
0 0.416986199999883
0 0.323895200000152
1 0.577579300000252
1 0.541304399999717
1 0.735503300000346
1 0.629623699999684
1 0.561044499999298
1 0.554728000000068
0 0.930315999999948
1 0.768895500000326
1 0.603297900000143
0 0.910646199999974
0 0.581077900000309
1 0.589252299999316
1 0.56512070000008
1 0.510462500000358
1 0.631225500000255
0 0.585365299999467
0 0.300453599999855
1 0.509117700000388
1 0.662655299999642
1 0.579580999999962
1 0.602512299999944
0 0.707764700000553
1 0.238122299999304
1 0.554664999999659
1 0.688528900000165
1 0.61720299999979
1 0.858336300000701
1 0.514043500000298
1 0.67705769999975
1 0.538035300000047
1 0.525204599999597
1 0.708924799999295
1 0.571206599999641
1 0.606456599999547
0 0.500447499999609
1 0.235066299999744
0 0.561535300000287
0 0.434315200000128
0 0.473430500000177
1 0.330989999999474
1 0.506524700000227
1 0.572709299999588
0 0.37882239999999
1 0.550547099999676
0 0.699583500000699
1 0.532810900000186
1 0.48721100000057
1 0.490090399999644
1 0.463886399999865
1 0.524950199999694
1 0.439877899999374
1 0.492869700000483
1 0.535371199999645
1 0.632854999999836
1 0.874011099999734
1 0.732664499999373
1 0.667072600000211
0 0.479344699999274
1 0.643243999999868
1 0.551956400000563
1 0.613650100000086
1 0.680551000000378
0 0.577015099999699
1 0.473777499999414
1 0.634806800000661
1 0.827591900000698
1 0.595778500000051
1 0.874959300000228
0 0.493955700000697
1 0.572416599999997
0 0.655326299999615
0 0.526141800000005
0 0.452640700000302
1 0.890947700000652
0 0.385171500000069
1 0.761631200000011
1 0.478657500000736
0 0.702867800000604
1 0.557899100000213
1 0.509103500000492
1 0.47538220000024
0 1.15953730000001
1 0.527014700000109
0 0.690522399999281
1 0.76112749999993
1 0.60842700000012
1 0.791639600000053
1 1.19377089999944
1 0.879606100000274
1 0.596924200000103
0 1.1112506999998
1 0.755941600000369
1 0.500361200000043
1 0.951190099999621
0 1.05063770000015
0 0.573735599999964
1 0.69549139999981
1 0.992079000000558
1 1.17565940000077
1 0.737659800000074
0 0.812301099999786
0 0.768233599999803
1 0.70175190000009
1 0.688464800000474
1 0.88411189999988
1 0.504585699999552
1 0.64344600000004
0 0.5921215999997
0 0.390297000000828
1 0.579451999999947
0 0.777301600000101
1 0.397804399999586
1 0.548151300000427
1 0.582270200000494
0 0.609961299999668
1 0.704931299999771
0 0.599840599999879
0 0.50906440000017
1 0.622297900000376
1 0.818769100000281
0 0.65937649999978
1 0.483353099999476
1 0.762624100000721
1 0.584910700000364
1 0.924755500000174
0 0.723525400000653
1 0.668379099999584
1 0.660597600000074
0 0.677531199999976
1 0.521479899999576
1 1.03255970000009
0 0.595529100000022
1 0.527710700000171
1 0.627021899999818
1 0.721668999999565
1 0.621627100000296
0 0.699976899999456
0 0.496734700000161
1 1.55768889999945
1 1.22983470000054
1 1.04093889999967
1 0.673957500000142
1 0.652646599999571
0 0.783284000000094
1 0.410378900000069
1 0.836458400000083
1 0.617245299999922
0 0.844932900000458
1 0.699550600000293
0 0.917390399999931
1 0.75113440000041
0 0.760636199999681
1 1.33985539999958
0 0.59486459999971
1 0.748152399999526
1 1.01577959999941
0 0.648047699999552
1 0.545413299999382
1 0.682703200000105
1 0.629887699999927
1 0.639213999999811
1 0.593181399999594
1 0.74388959999942
1 0.775204500000655
1 0.829528600000231
1 1.03340430000026
1 0.828291400000126
1 0.525074600000153
1 0.818022699999347
0 0.644785700000284
1 0.811682000000474
1 0.723117999999886
0 0.718970400000217
0 0.700487799999792
1 0.601529800000208
1 0.672917299999426
1 0.953774300000077
1 0.584079000000202
1 0.601787800000238
0 0.749789800000144
1 0.605641499999365
1 0.489991200000077
1 0.777062899999692
1 0.8358247999995
1 0.69587539999975
1 1.05283289999988
1 0.591311500000302
0 0.891712999999982
1 0.768147900000258
1 0.61233650000031
1 0.804324800000359
0 0.557002600000487
1 1.28231549999964
1 0.583437000000231
1 0.769520300000295
0 0.849351099999694
1 0.691246100000171
1 0.560802400000284
1 0.618496899999627
1 0.630692900000213
1 0.810757799999919
1 0.519891599999937
0 1.07632269999976
1 0.805004699999699
1 0.652084500000456
1 1.07028360000004
0 0.718977100000302
1 1.00817229999939
1 0.713072900000043
1 0.70546049999939
1 0.583648400000129
1 0.587085299999671
1 1.12906550000025
1 1.44334859999981
0 1.19399089999933
0 1.71237689999998
1 0.816539000000375
0 1.00272029999996
1 0.894274600000244
1 0.559629000000314
1 0.790765900000224
1 0.929562199999964
1 0.513312499999302
1 0.727893799999947
0 1.0999654999996
0 1.72167979999995
1 1.02926389999993
0 1.16274410000005
0 1.02655879999929
1 0.799333100000695
1 0.738477199999579
0 1.29627009999967
1 0.679299700000229
1 0.726752499999748
1 0.669776300000194
1 1.16369490000034
1 0.790123600000697
1 0.873987799999668
1 1.30113459999939
1 0.64987740000015
0 0.883340600000338
1 0.548304800000551
1 1.12048979999963
0 0.741315600000235
1 0.548316800000066
1 0.599351599999864
1 1.54664980000052
1 0.589732899999944
0 0.915078600000015
1 1.55727449999995
1 0.552837199999885
1 0.887224699999933
1 0.848208600000362
0 0.607680499999333
1 0.488480099999833
1 1.28508330000022
1 0.579288799999631
0 1.23888549999992
0 0.645280499999899
1 0.5488093999993
1 0.537569400000393
1 0.907110300000568
1 0.497566600000027
0 0.758058499999606
1 0.773926800000481
0 1.03647629999978
0 0.664338300000054
