1 1.28182339994237
1 1.12680350011215
1 0.818050799891353
1 0.610956900054589
1 0.511664499994367
1 0.466499899979681
0 0.907397900009528
1 1.48876149998978
1 0.604546400019899
1 0.635069099953398
1 0.959040300222114
1 1.09320140001364
1 0.66127789998427
1 0.601324199931696
1 0.480848699808121
1 0.505519200116396
1 0.457229600055143
1 0.715373399900272
1 0.763006599852815
0 0.536115800030529
1 0.521348600042984
1 0.609249899862334
1 1.26994240004569
1 0.539585599908605
1 0.755240200087428
1 0.548303999938071
1 0.868733400013298
1 0.492380199953914
1 0.67697750008665
0 0.477697799913585
1 1.07357029989362
1 0.608170900028199
1 0.627118800068274
0 0.597997199976817
1 0.543146399781108
1 0.461925999959931
1 0.643660200061277
1 0.486087099881843
1 0.710126199992374
1 0.516095299972221
1 0.66380720003508
0 0.463439200073481
1 0.510552200023085
1 0.524264000123367
1 0.583348300075158
0 0.649043100187555
1 0.487912900047377
1 0.62683660001494
1 0.578489999985322
1 0.564518499886617
1 0.716415999922901
1 0.53866590000689
1 0.481829199939966
1 0.446829300140962
0 0.724859399953857
1 0.76946059986949
1 0.722869799938053
1 0.689916200004518
0 0.53823579987511
1 0.493932799901813
0 0.966350400121883
0 0.481276500038803
1 0.472460199845955
1 0.477043299935758
0 0.676590000046417
0 0.47341959993355
1 0.535848199855536
1 0.629152700072154
1 0.817967600189149
1 0.644734600093216
0 0.820188200101256
0 0.573503099847585
0 0.562679199967533
1 0.471520900027826
1 0.518037100089714
1 0.47972820000723
1 0.685114100109786
0 0.573397099971771
1 0.457573499996215
0 0.437605499988422
1 0.49618720007129
0 0.76962500018999
1 0.600890500005335
0 0.651303200051188
1 0.613553900038823
0 0.491745700128376
0 1.03318689996377
1 1.01769310003147
0 1.14023580006324
0 0.910650500096381
0 1.12740170001052
1 1.03254300006665
0 0.571623899973929
1 0.934360299957916
1 0.533906800206751
1 0.805407099891454
1 0.64143279986456
0 0.547145399963483
0 0.536266499897465
1 0.850569600006565
1 0.688323199981824
0 0.595486100064591
0 1.29075700021349
1 0.577151299919933
1 1.07423159992322
1 0.785544600104913
1 0.562669700011611
0 1.0481628999114
0 0.601178299868479
1 0.650063199922442
0 1.04888219991699
1 0.472800499992445
1 0.599212700035423
1 0.625343299936503
1 0.433151199948043
0 0.722016100073233
1 0.809027699986473
1 0.729441700037569
1 0.501520000165328
1 0.618052300065756
0 0.87331229983829
1 0.772011199966073
1 0.722635400015861
1 0.51517860009335
0 0.72895779996179
1 0.727415000088513
1 0.660513600101694
1 0.75868620001711
1 0.547360999975353
0 0.674124199897051
1 0.843472399981692
1 0.997226000064984
1 0.547614600043744
1 0.65126909990795
1 0.603895300067961
0 0.719480300089344
1 0.652379999868572
1 0.956550000002608
0 1.15125110000372
1 0
1 0.86414030008018
1 0.832698500016704
1 0.681131399935111
1 0.643217499833554
1 0.480604199925438
0 0.476837299996987
1 0.453276099869981
1 0.458457499975339
1 0.72325549996458
1 0.865270199952647
1 0.663738199975342
1 0.832859299844131
1 0.431917800102383
1 0.435682100011036
1 0.50919170002453
0 0.851664599962533
1 0.473226299975067
1 0.445234399987385
1 0.527008300181478
1 0.378127599833533
0 0.386190300108865
1 0.630694799823686
1 0.899748099967837
0 0.696533999871463
1 0.48715650010854
0 0.94238969986327
1 0.915508499834687
1 1.09755229996517
1 0.596804199973121
1 0.711797799915075
0 0.628599199932069
1 0.981503400020301
0 0.551841400098056
1 0.459635299863294
1 0.54139730008319
1 0.847878800006583
1 1.08278669998981
1 1.23945589992218
0 0
1 0.46557809994556
1 0.670720900176093
0 0.701100800186396
1 0.787385700037703
1 0.788764600176364
0 0.581251800060272
1 0.576843899907544
1 0.704196900129318
1 0.474004499847069
1 0.763050799956545
0 0.810820099897683
1 0.664611199870706
1 0.568295100005344
1 0.75850489991717
1 0.723455200204626
1 0.629258699947968
1 0.604205399984494
1 0.732010900042951
1 0.593579799868166
1 0.66134799993597
0 0.466134899994358
1 0.849225499900058
1 0.937765999929979
0 0.578496700152755
1 0.591611900134012
1 0.942345199873671
0 0.699725500075147
1 0.915356599958614
1 0.592495700111613
0 0.534386600134894
1 0.718396899988875
1 0.464969099964947
0 0.734946999931708
1 1.06522520002909
1 0.634488999843597
1 0.585663800127804
1 0.536475999979302
1 0.50886349985376
0 0.492632300127298
0 0.51338869985193
1 0.84216420003213
0 0.775631600059569
0 0
0 0.45817600004375
1 0.473431099904701
1 0.568425899837166
1 0.588211300084367
1 0.853649700060487
1 0.908425299916416
1 0.888564700027928
1 0.634436700027436
1 0.540852000005543
1 0.581765099894255
0 0.75958830001764
1 0.575985299888998
0 0.590354500105605
0 0.548979399958625
0 0.681271099951118
1 1.1113109998405
0 1.30818619998172
1 0.602771200006828
0 1.34935200004838
1 0.633021000074223
0 0.830847200006247
1 0.00448929984122515
1 0.811794700101018
1 0.6183237999212
1 0.731515600113198
1 0.473548900103197
1 0.46808320004493
1 0.514219300122932
1 0.489119400037453
1 0.907059699995443
1 0.554634399944916
1 0.505932899890468
1 0.578388599911705
1 0.501526999985799
1 0.451382900122553
1 0.621738099958748
1 0.876130599994212
0 0.554390999954194
1 0.610414700116962
0 0.482351999962702
1 0.622680899919942
0 0.697631699964404
0 0.790202700067312
1 0.518013500142843
1 0.991953900083899
1 0.737085599917918
1 0.600903399987146
1 0.455468999920413
1 0.654311300022528
0 0.583911600057036
0 0.520188899943605
0 0.609806899912655
0 0.762339599896222
1 0.537658700020984
1 0.546796699985862
0 1.23774809995666
0 0
1 0.636645399965346
1 0.689228200120851
1 0.638153000036255
1 0.499022400006652
1 1.30039050010964
1 0.556956500047818
0 0.669308299897239
1 0.972181800054386
1 0.875561499968171
1 1.06856300006621
1 0
1 1.24789330014028
1 0
1 0.699672800023109
1 0.62821889994666
1 1.2618581999559
1 0.56063299998641
0 1.42478689993732
1 0
1 0.526739000109956
1 0.752872199984267
0 0.993062400026247
1 0.496206500101835
1 0.832840899936855
0 0.694031999912113
1 0.567240300122648
1 0.801608100067824
1 0.927146600093693
1 0.979741000104696
1 0.899478200124577
0 0.0186960999853909
1 0.674549999879673
1 0.753390999976546
1 0.570738499984145
1 0.77636510017328
1 0.640245200134814
1 1.21358749992214
1 1.15304310014471
1 0.696634100051597
1 0.620191599940881
1 1.19143210002221
1 0.928688399959356
1 0.811248400015756
0 0.723508100025356
1 0.671885400079191
1 0.646554900100455
1 0.855585400015116
0 0.715351099846885
1 0.529442700091749
1 0.9105762001127
1 0.560207400005311
0 0.548069800017402
1 0.704924900084734
1 1.01860560011119
1 0.600235000019893
1 0.781792299821973
1 1.09568789997138
1 0.740338200004771
0 0.642509499797598
1 0.962020199978724
1 0.595659799873829
1 0.547305899905041
0 0.914976099971682
1 0.546950400108472
1 0.597282300004736
1 0.576411499874666
0 0.669712800066918
1 0.541260000085458
1 0.769534699851647
1 0.585937099996954
1 1.02678409987129
1 0.434946900000796
1 0.58730149990879
1 0.586213199887425
1 0.490289299981669
0 0.7172937002033
1 0.559694200055674
0 0.898913500132039
1 0.531857199966908
1 0.563936100108549
1 0.5316666001454
1 0.473895899951458
1 0.476692300057039
1 0.519206200027838
0 0.618429400026798
0 0.463951100129634
0 0.95252489997074
0 0.381429500179365
1 0.442172799957916
1 0.474667700007558
1 0.734062599949539
0 0.520271599991247
0 0.53164489986375
1 0.622448500012979
1 0.583116399822757
1 0.662430500146002
0 0.568643399979919
1 0.514523999998346
1 0.824290900025517
1 0.47379479999654
1 0.486329599982128
1 0.571487199980766
1 0.507880400167778
0 0.626295200083405
1 0.653270999900997
1 0.550022699870169
1 0.555258800042793
0 1.11698519997299
1 0.598323700018227
1 0.636917699826881
1 0.456815700046718
1 0.589666599873453
1 0.443122199969366
0 0.517462300136685
1 0.615910700056702
1 0.481882699998096
1 0.566298899939284
1 0.524913600180298
0 0.583721800008789
1 0.616798699833453
1 0.607838399941102
0 1.22672809999949
1 0.647442800000135
1 0.694773799999894
1 0.648188299999674
1 0.93316059999961
1 0.701133300000038
0 0.886991100000159
0 0.741118400000232
1 0.602330199999415
1 0.645345900000393
0 0.72856849999971
1 0.997681199999533
0 0.98242670000036
1 0.55735790000017
1 0.591184500000054
1 0.758329600000252
1 0.708248999999341
0 0.719142199999624
1 1.2269924000002
1 1.37973959999999
1 0.614150399999744
1 0.946742899999663
1 0.588986499999919
1 0.637683500000094
1 0.704489099999591
1 0.646985499999573
1 0.585869300000013
1 0.608565200000157
1 0.543926700000156
1 0.72106679999979
0 1.3280907999997
1 0.672358200000417
1 0.714519199999813
1 0.626858000000539
1 0.545462399999451
0 0.989122799999677
1 0.580081400000381
1 0.539958000000297
0 0.910336099999768
0 1.11098430000038
0 0.609818800000539
1 0.662593600000037
1 0.7422174000003
1 1.08089829999972
0 1.10824549999961
1 0.522188900000401
1 0.698312900000019
1 1.07347699999991
0 1.25499060000038
1 0.812702999999601
1 0.53353640000023
1 0.720059600000241
1 0.9200036000002
1 0.718982200000028
1 0.844256200000018
1 0.495769500000279
0 0.983346100000745
1 0.629715399999441
1 0.675756499999807
1 0.490879300000415
0 0.862284299999374
1 0.442497500000172
1 0.864196300000003
0 0.602519999999458
0 0.586461100000633
1 0.98925010000039
1 0.73896220000006
1 0.565902899999855
1 0.870629500000177
1 0.482164399999419
1 0.960261299999729
1 0.523321300000134
1 0.521782900000289
0 0.636604100000113
0 0.772541899999851
0 0.881672999999864
1 0.611318899999787
1 0.78503610000007
1 0.818658299999697
1 0.552389600000424
0 1.58468100000027
1 0.848297000000457
0 0.875560899999982
0 0.609576400000151
0 1.02021520000017
1 0.567330699999729
1 1.47777169999972
1 0.989375500000278
1 0.79836510000041
1 0.808903699999973
1 0.522124099999928
1 0.631030599999576
0 1.47489420000056
0 1.42326450000019
1 0.775498199999674
1 1.10151810000025
1 1.10604710000007
0 1.09303649999947
1 1.23589019999963
1 0.518168999999943
1 0.880634800000735
1 0.952515900000435
0 0.579840100000183
1 0.568921300000511
1 0.821250099999816
1 0.880364999999983
0 1.4680429
1 0.852290900000298
1 1.3992804999998
1 0.82926740000039
1 1.17286250000052
1 0.604647499999373
0 1.45946459999959
1 0.526141600000301
1 1.08919539999988
0 0.989939900000536
0 1.54210179999973
1 0.643464200000381
1 0.587420599999859
1 1.2080730000007
1 0.716320800000176
1 0.872516800000085
1 0.533471699999609
1 0.609398700000384
1 0.644492600000376
1 0.876907100000608
1 1.14548710000054
0 1.21423479999976
1 0.573141300000316
1 0.715273499999967
1 1.36088629999995
1 0.884921500000019
1 0.60403530000076
1 0.496298699999898
1 0.548571000000265
1 0.350512200000594
0 1.0346569000003
1 0.951415499999712
1 0.55547149999984
1 0.774705099999665
1 0.540536200000133
0 0.774741899999754
1 0.580240600000252
0 1.05835550000029
1 0.531627800000024
1 0.499346900000091
1 0.501618499999495
1 0.534247599999617
0 0.551450999999361
1 0.69128659999933
1 0.488431499999933
1 0.58628570000019
0 0.839791200000036
1 0.504026499999782
0 1.37810570000056
1 0.664074099999198
1 0.812041400000453
1 0.588134499999796
1 0.903900500000418
1 0.489100100000542
0 0.964600999999675
0 0.848993000000519
1 0.733927299999777
1 0.563140800000838
1 0.681297400000403
1 0.915294800000083
1 0.536173400000735
1 0.706188300000576
1 0.802752999999939
1 0.598375499999747
1 0.602991999999176
0 0.920743100000436
1 0.842267299999548
1 0.732575499999257
1 1.62039929999992
1 1.20299150000028
0 1.94641599999977
1 0.640026600000056
1 0.666008599999259
1 0.835506299999906
1 0.614020700000765
1 0.94133200000033
1 0.41452130000016
1 0.564854499999456
0 0.991239699999824
1 0.485451500000636
1 0.532454200000757
1 0.758358000000044
1 0.536840900000243
1 0.752090500000122
1 0.779669300000023
1 0.517298200000369
1 0.75707280000006
1 0.589116400000421
1 0.740656400000262
1 0.640775099999701
1 0.956260800000564
1 0.595673300000271
1 0.548030899999503
1 0.606923899999856
1 0.529508700000406
0 0.581765299999461
1 0.950192299999799
1 0.559258500000396
1 0.727375499999653
0 1.08627350000006
1 0.792037499999424
1 0.530667600000015
1 0.926148800000192
1 0.599171900000329
0 0.622377899999265
1 0.564546800000244
0 1.07954380000047
1 1.32056869999997
0 0.76380269999936
1 0.507550499999525
1 0.593573299999662
1 0.596599999999853
1 1.06254249999984
0 0.518385899999885
1 0.688923100000466
0 0.620055600000342
1 0.896018700000241
1 1.71294859999944
1 0.503799300000537
1 0.656748899999911
1 0.883689199999935
0 0.685196800000085
1 0.756920200000422
1 0.427555499999471
0 0.849476100000174
1 0.496528100000432
1 0.577966500000002
1 0.754646299999877
0 0.506388199999492
1 0.481721300000572
1 0.616615699999784
0 0.812418999999863
1 0.34323779999977
1 0.576842299999953
1 0.588841900000261
1 0.893621100000018
0 0.650806200000261
1 0.546178599999621
1 0.55516230000012
0 0.842191499999899
1 0.423145499999919
1 0.564791400000104
0 0.554379199999858
0 0.398787400000401
1 0.456061799999588
1 0.443001100000401
1 0.570473700000548
1 0.955384200000481
1 0.517799199999899
1 0.485311100000217
1 0.56625780000013
1 0.561500000000706
1 0.573192099999687
1 0.548139999999876
1 0.461339299999963
1 1.30872350000027
1 0.468348700000206
1 0.503865499999847
1 0.817944700000226
1 0.567193100000623
1 0.740233200000148
1 0.639567700000043
1 1.07746539999971
0 0.706081399999675
1 0.574003300000186
1 1.25741160000052
1 0.460395300000528
0 0.828492900000128
1 0.564263299999766
1 0.684018799999649
1 0.471116900000197
0 1.04688369999985
0 0.489126800000122
1 1.4289789000004
0 1.84597870000016
1 0.504615100000592
1 0.657899899999393
1 0.523713700000371
1 1.63178599999992
1 0.632926400000542
1 0.949647700000241
1 1.70144049999999
0 1.52187570000024
1 0.452003200000036
1 0.656385700000101
1 0.587177399999746
1 0.5058396000004
1 0.611531000000468
1 0.646692399999665
1 1.00096639999992
1 0.482757399999173
1 0.976450500000283
0 1.62003809999987
1 0.579625399999713
1 0.672194800000398
0 1.00859049999963
0 0.640835200000765
1 0.511541000000761
1 0.686874799999714
1 0.61348739999994
0 0.494498800000656
0 0.584322400000019
1 0.626366899999994
1 1.22607189999962
1 0.622727599999962
1 0.61953850000009
1 0.802367400000549
1 0.992067000000134
1 0.460015499999827
1 0.74238830000013
0 0.669618699999774
0 0.852103900000657
0 0.683708499999739
1 0.494066700000076
1 0.652621599999293
1 0.66651069999989
1 0.680921099999978
1 0.694413299999724
1 0.722319099999368
1 0.587754600000153
1 0.892518699999528
1 0.575116099999832
0 0.394600399999945
1 0.239793300000201
1 0.5314929999995
1 0.657644199999595
1 0.570090700000037
1 0.692992000000231
0 0.736507499999789
1 0.368827899999815
1 0.546115199999804
1 0.795108199999959
0 0.656452000000172
1 0.58779289999984
1 0.452561100000821
1 0.637249999999767
1 0.777712600000086
1 0.789075500000763
1 1.26674339999954
1 1.80832180000107
1 0.559591700000965
0 1.18230349999976
1 0.604527999999846
1 0.544322699999611
1 1.82853129999967
1 1.06265469999926
1 0.714263600000777
1 0.670792799999617
1 0.757771499998853
1 0.927092500000072
1 1.00480299999981
1 0.508354000001418
0 1.0985514999993
0 0.329492500000924
0 0.574664600000688
1 0.522490900000776
0 0.716555200000585
1 0.544590399998924
1 0.686309900000197
0 0.736527400000341
0 0.450070400000186
1 0.963792599999579
1 1.62124820000099
1 0.821230899999136
1 0.675436100000297
1 0.6230015000001
1 0.978018800000427
1 1.47429519999969
1 0.580873099999735
1 1.32410150000032
1 1.26342440000008
1 1.20249250000052
1 0.710401199999978
1 0.68702299999859
1 1.33899229999952
0 0.95233780000126
1 1.22708020000027
1 0.566059900000255
1 0.616965499999424
0 0.989200199999686
1 0.514926699999705
0 0.704601199999161
1 0.315990400000373
1 0.770905600000333
1 0.480584799999633
1 0.572351499999058
1 0.616259200000059
0 0.944951899999069
1 0.596058999999514
1 0.768847800000003
1 0.597509799999898
0 0.446984199999861
0 0.335867499999949
1 1.00755449999997
